 -0.9241787743155139 0.9686556916815903 1
 0.5669425443944702 0.9231765039559929 0
 0.6182323227566873 0.23955954846238203 0
 -0.8238801436666516 -0.24129270769629363 1
 -0.9676367150629204 -0.85416395384062 0
 -0.4144402759853323 -0.2510812036470267 0
 0.11825352235727538 0.46321584302694596 0
 -0.2634892816368888 0.005724106557678743 0
 0.17904671591134003 0.48650577024670905 0
 0.24819828971830793 0.13295143987633073 0
 -0.7512633296300701 -0.15277133878513172 1
 -0.6975109171782097 0.7318546737579021 1
 0.15299159601345935 -0.514842862953288 1
 0.6571964833338357 -0.26476863172724574 1
 0.809123571457113 0.9420163664927919 0
 0.23803928656098727 0.8526804954515304 1
 0.7122856692120869 0.9522691028438275 0
 0.45653189817383244 -0.377578543647898 1
 0.9084955588273658 0.4250391603718757 0
 0.9108488435069162 0.0904879513675545 1
 -0.07890193807084822 -0.6571312076204587 1
 -0.551027012697785 0.9759999008289364 1
 0.07579742068974693 -0.15285379140045463 0
 0.7082025010312587 0.33160821238184823 0
 -0.5395964911219526 -0.1633195301937722 0
 0.19235608139479354 0.17109649719379627 0
 0.35895270068063434 0.7750415068128427 0
 0.7077834233803406 -0.6884840848256208 1
 -0.5841202573661772 0.08392344676629149 1
 0.5515513019973721 -0.23488100554125513 1
 0.014432970168180237 0.49393008983747255 0
 -0.7700560917845349 -0.5832510503166093 0
 -0.6054604541199746 0.030822293843014492 1
 0.6826789752968156 -0.5647676703578759 1
 -0.11115560695398363 0.9344073585578003 1
 -0.001991234976439493 0.8927124033653524 1
 -0.6783384940751744 -0.26110885044298593 0
 -0.5738598442733207 -0.5962474917732563 0
 0.09409231827635356 -0.0123457240686915 0
 -0.8668270581128947 -0.7535716869890929 0
 -0.23041964051653463 -0.38794496878127505 0
 -0.4149775378085241 -0.6094815758052499 0
 0.0776885767997415 0.8730005057181909 1
 -0.28944333651705967 -0.86670524013607 1
 0.16990056498830608 -0.05432926842764796 0
 0.06544491073698433 0.631303072949019 1
 -0.31023803524811244 -0.2780816203899563 0
 -0.8970197520557797 -0.48308432432812975 0
 -0.23930471317545887 -0.7884905246151928 1
 -0.6445966512179795 -0.9986716999094905 0
 -0.6516640511451233 0.042509989845748386 1
 0.8390211352982127 -0.6089350002773857 1
 0.6202530429448578 0.9927639646185629 0
 -0.6813203766038818 -0.21705645901638215 0
 -0.0955648660943702 -0.7714500795305219 1
 -0.7980844813683838 -0.14715337099815118 1
 0.6389347814064017 -0.016857670931359703 1
 0.780376669883821 -0.8834671718105773 1
 -0.6914164105442102 0.7771460484293717 1
 -0.7041324273678979 0.8161135184041002 1
 0.7807037117891342 -0.03588825478688085 1
 0.8806418335961701 -0.3262885693303079 1
 -0.31974296245812805 0.37908135980548163 1
 -0.19367214890611217 -0.8457921649325757 1
 -0.5141092088506165 -0.82564646019719 0
 0.6731416692125352 0.5918753736614202 0
 0.8818516558331544 0.5458983629993526 0
 0.180804488785975 -0.4389149381710693 1
 -0.4332423310729572 0.9854931518870791 1
 -0.055150348755142575 0.20916557565379845 0
 -0.8012678015892718 0.9377897743307344 1
 0.456768555753442 -0.08011567359986338 1
 -0.5525798456270123 0.2981666654933486 1
 0.7337103231295223 0.6389100152801557 0
 0.2269216073998921 0.05635689396101551 0
 0.46321727395623347 -0.5319925510720098 1
 -0.9003052589279383 0.5724869141282254 1
 -0.47925836841669134 -0.2773945589606419 0
 -0.43000543565042837 0.4662988856528809 1
 -0.3775435705853256 0.5477694762788758 1
 -0.4735699548658503 0.9069715696723564 1
 0.5731382732340609 0.40050199195572134 0
 -0.55326208545983 0.2100951382450016 1
 -0.9213348317744956 -0.7683173258292033 0
 -0.8561134590051258 -0.9200046921338625 0
 -0.5850612312219936 0.03885270402791763 1
 -0.18886004882246832 -0.4202565693870579 0
 0.3798056868094024 0.6114372074270469 0
 0.9147262576833386 0.9678294911384904 0
 -0.09818181729646902 0.7528905702213589 1
 -0.913728432839765 0.9096159438846421 1
 -0.5605599936240087 -0.9603596546338833 0
 0.5831757151903239 -0.7466695075996426 1
 0.8765694273507556 0.26459565039517874 1
 0.113621186872084 -0.44550360597537875 1
 -0.9949837027361901 0.11337699046746952 1
 0.8639237786955256 0.8393407115027414 0
 0.8818357995036226 -0.6656852947968026 1
 -0.580553439807175 0.7168598368169439 1
 -0.6408120584809547 -0.3113459323174923 0
 0.9363178145953646 0.8808634526844203 0
 -0.09334354851254334 0.3052958652611555 0
 0.399705524894056 -0.7125415071330989 1
 -0.5192732884142581 -0.28520879999866056 0
 -0.9045801292065598 -0.1499251048546999 1
 -0.35661158645581303 -0.19979911587459287 0
 -0.4748715529156824 0.36327572579673095 1
 -0.60840640380201 -0.8221800456750781 0
 0.9114858330614897 0.5482355618669139 0
 0.23156676515006702 -0.8913425583281265 1
 -0.8320053306122421 0.6069103440636008 1
 0.9167292622944163 0.9419548134100901 0
 -0.25057007931715036 0.4785635800428747 1
 -0.0347342177134653 0.30491376329838227 0
 -0.8478243085784802 -0.8885455824423816 0
 0.5831265366560727 -0.2218024232082385 1
 0.9998369814479651 -0.5058675786371436 1
 0.940523746113817 0.6346587516960993 0
 -0.37199269205189056 0.9349267049022876 1
 0.8847479540704846 -0.6308619664745585 1
 -0.1269146484547068 -0.8651445397836117 1
 0.11939356950566649 0.21006901744466067 0
 0.373553503773711 0.9683241226559551 1
 0.639850323589283 0.5790138166483751 0
 -0.8918577811234916 0.5676202019728143 1
 -0.2128180582039998 0.5521466161243231 1
 0.12382422646056734 0.30135390367963133 0
 -0.33272104264916913 -0.22190904400087574 0
 -0.5524054913409053 0.5436339978630615 1
 -0.12056062828676084 0.019408833496259437 0
 0.02951002963949123 -0.250090960217501 0
 -0.4917057265055138 0.5104288886601034 1
 0.23047781099051545 -0.7129552904328258 1
 -0.8447360072341048 0.6619931856943815 1
 -0.15320433671285216 -0.2906508358278215 0
 0.4204931643181744 0.2940910413315021 0
 -0.045534539733782076 0.7288977078995866 1
 0.6934810193168863 -0.459759995840058 1
 -0.04018479857718593 -0.0023500692429407888 0
 -0.62961265053241 0.8428648482092547 1
 -0.8410197287754984 4.927432018964062E-4 1
 -0.31173920788406884 0.04681501230307794 0
 0.8373114541415096 -0.14751729689894422 1
 0.2512017460586351 0.498552780611482 0
 0.48079203988830366 -0.3997974066242489 1
 0.020737793265820814 -0.7285656320693266 1
 0.02506185210685974 0.7462875951769405 1
 0.052454852003994024 0.16289695552504302 0
 -0.7663373265729987 0.14781602878781297 1
 0.5831932862698599 -0.05274504904626642 1
 -0.7243664942829051 -0.8165977719384265 0
 -0.7921161086766091 0.5182004043339008 1
 0.36360168467925735 0.1404677003339887 0
 0.8323636184095664 0.017991819070686477 1
 0.9170297313756741 -0.8566914556353924 1
 0.8482774180630044 0.8257069877556544 0
 0.13129449650529157 -0.3757823759946599 1
 -0.4515626373594379 -0.6351737781125881 0
 -0.9382091784142474 0.33406017864443616 1
 0.18577712922578482 0.09080245710265422 0
 -0.6267337231915577 -0.804657593693133 0
 -0.723696827657027 -0.26783433596326267 0
 -0.2418885741942256 0.919953366352896 1
 -0.2437873288770791 -0.11590047293743644 0
 -0.3066567125415913 0.24540089877273608 1
 -0.5743888166124389 0.3913192736477522 1
 0.6845369462563895 -0.11249698960601617 1
 0.7460302805773609 0.6074692067950438 0
 0.435975108705966 0.8641368282605031 0
 -0.4937896714077712 0.5811507266869027 1
 -0.5101984608666079 0.7137874689833794 1
 -0.8696206416859755 -0.5059193564081845 0
 0.7929791411762557 0.31428086775048314 0
 0.4755245331405671 0.2647710149457343 0
 0.3793701999226806 0.5012234901789443 0
 -0.15108145387548877 -0.8684873651323939 1
 -0.10472920826606891 -0.507685529184605 0
 0.6744290682523202 -0.7586660510528176 1
 -0.9497523724199279 -0.7571654263530756 0
 0.7459038405190108 -0.20300125019514637 1
 0.24114147546415698 -0.7107417525891737 1
 -0.6718086421192124 -0.8480034803674967 0
 0.5756159141382926 0.382075064202535 0
 0.5011216108542471 -0.6061313051209669 1
 0.31264699069655366 -0.7344526915402336 1
 -0.9109630654182548 -0.580892915393451 0
 -0.6591358729669947 0.3312721997072132 1
 -0.7217709602509965 -0.7217514350579499 0
 0.7316685930311826 -0.44594416465888376 1
 -0.4030956524094085 0.6576832494837404 1
 0.6325716965997485 -0.8872510307958228 1
 -0.6829361744040667 0.7650822117592189 1
 0.8072095786134028 -0.5946664151225141 1
 0.5349510156533204 -0.40175751538175075 1
 -0.017991368669835417 0.7866901677873563 1
 -0.803513604861894 -0.3974631663867332 0
 0.8254895387039216 0.2891172266821158 1
 -0.8436278263808639 0.06004777989441501 1
 0.8647147564614492 0.829813893137717 0
 -0.005682982738044906 0.20385422810933362 0
 -0.06560071049403438 -0.033822132545433314 0
 -0.2409035598400826 -0.9861691436797333 1
 -0.14227943364627005 0.1289114513673384 0
 0.07092959076011773 -0.07428869646726621 0
 -0.026121673628490383 0.44456865746281515 0
 -0.9150808725557837 -0.7269448076033058 0
 0.855972109746723 -0.24668218720286794 1
 -0.2969340871738464 0.1821517826317658 0
 0.10377776164500663 -0.7656661810997623 1
 0.11963722246236008 0.852781935348099 1
 0.4495225430538594 -0.8296247276158251 1
 -0.705568648331566 -0.31684842340975283 0
 -0.419228912995125 -0.1852574705808805 0
 -0.7292526156522463 -0.4647994471442789 0
 -0.9369471249066437 -0.9320472614533837 0
 -0.610364076279708 -0.4131194769787172 0
 0.5358754066368008 -0.2718906865464368 1
 0.3992699188154747 -0.3191126897193697 1
 0.9592840764784287 0.44808314118934844 1
 -0.781957660416345 0.8547228912411353 1
 -0.8958547414183049 -0.785735878686312 0
 -0.31773830171016915 0.8248534141164181 1
 0.7078435688044398 0.15578163599814787 1
 0.9940835141659663 0.5981193039512249 0
 -0.24189786747164055 -0.20026587880697533 0
 -0.21742066518692416 0.09644604076903063 0
 0.22114798373311717 -0.4928930979096233 1
 -0.29938712161419767 0.7062921656627397 1
 0.19646157787628127 0.7557002797628716 1
 0.3024566024870776 -0.9978356850788066 1
 0.9588653710244088 -0.8194719240204966 1
 0.5818489299245471 0.5439177089278842 0
 0.6397206378095859 -0.16120982464977307 1
 -0.002542866581926262 -0.3895473927873154 0
 0.4025188499242367 0.035659842458950486 0
 -0.9275228929202113 0.007806554997148218 1
 -0.11583152821695997 -0.7712289418537785 1
 0.7273661603988884 -0.3224657861282958 1
 0.40179427201110784 0.023428240263686728 0
 0.38947163019185704 -0.2683442043415041 1
 0.9658818143763677 0.07720405009869857 1
 -0.3794172077652589 0.7533473260925996 1
 -0.5058853203286107 -0.14827034158840968 0
 0.5131993367167247 -0.2720653134070439 1
 -0.2137311071230028 -0.4188765159652921 0
 0.4285761032087052 -0.19335390152454335 1
 -0.20095636343211565 0.5706453873679047 1
 0.7843681693178455 0.2559666162758021 1
 0.5507230790184658 0.9958023789746868 0
 -0.4530330154710569 -0.5916705753226106 0
 -0.41091959201338946 0.7412744542545526 1
 0.8433832818233162 -0.7947298588876202 1
 0.37194982272879873 -0.499331904112422 1
 0.6797985475154535 0.012059350422530368 1
 -0.861590947474739 -0.6477529682581742 0
 -0.8613276653638375 0.7832208716692624 1
 -0.11047112652701574 -0.6675706652385665 1
 0.623557607513749 0.37123252178209465 0
 -0.048835760904528236 -0.8520188948592682 1
 0.730543585194066 0.7960976414397203 0
 -0.7427258699501929 0.09947781688417634 1
 -0.8524906918637023 0.6313662859471381 1
 -0.02922395558252755 -0.46725547657926025 0
 0.6171381513512437 0.31257451948676973 0
 -0.6500459964043279 0.6916268711915112 1
 0.446908264185333 -0.8630374109143584 1
 -0.1280435593288829 0.7145857892234655 1
 -0.6909599914246931 -0.0012781847192768758 1
 0.5409347985684514 -0.3007506999988161 1
 0.14564749309632963 0.4919116312332448 0
 0.036889922196967184 -0.7468050761645115 1
 -0.12089479686005933 -0.08642157316395327 0
 -0.0976909721114867 -0.24412258645716856 0
 0.32490903479638455 0.9124984675127521 1
 0.3171906083823912 -0.3242423421172824 1
 0.21407382730507374 0.05435792050523203 0
 0.179072016376151 -0.28167291293802155 0
 -0.4456223956773919 -0.5879259165019455 0
 -0.8168115048562248 -0.6751343900871574 0
 0.6945263429735022 -0.5596491425527423 1
 0.38890857455211836 -0.9015908975635429 1
 -0.5974197914807102 -0.14354525503479887 0
 -0.6378926439474226 0.10254425821564994 1
 0.02974709946106513 0.024585859436474733 0
 0.3991526052021739 -0.33971023780574794 1
 -0.5970854238237782 -0.5708894014967008 0
 -0.4333031983964484 -0.7255384084348366 0
 0.47405807728197025 0.22231224195387922 0
 0.33248203571994916 -0.40243672208817016 1
 0.9519280663282441 -0.45479254266157354 1
 0.41588074435313005 -0.0016198467957837526 0
 0.15118413896444083 -0.6546339633256488 1
 0.15291171511162016 0.20409897886439698 0
 -0.8835893359623868 -0.24643681902308878 1
 -0.8510149682539689 0.7409146037961947 1
 0.7132135489551836 0.7314826634254983 0
 -0.7163534952360691 -0.5472751554706528 0
 -0.17413667395208954 -0.33441814713573614 0
 0.23510689668943674 -0.7533425568412424 1
 -0.9392844646338359 -0.1423818815648339 1
 0.6083573657718178 -0.6041889226334034 1
 0.4269053005322485 0.4502280140323043 0
 -0.5208118318710646 -0.7762644917574135 0
 0.3505776274420713 0.22634159621654582 0
 -0.2925573727763 0.8018149065526787 1
 0.07618214526049161 -0.06589690105167811 0
 -0.2736446761807465 0.40985933582700884 1
 0.01812500343795098 0.31436196325090826 0
 0.6808373127464915 0.9418506222143668 0
 0.9483373382513491 -0.15431267008338279 1
 0.7660886106660336 -0.8170712922498722 1
 -0.9599150446855778 -0.6277496399330413 0
 0.4089326054002713 0.940345777518949 1
 -0.26439033282994506 0.242809022531161 1
 0.5377827336863932 -0.619744263011605 1
 -0.8350418762053304 0.3644215733942642 1
 -0.3968315972695253 -0.3961527845597812 0
 -0.5843804253404443 0.6624036197565681 1
 -0.760738526925026 -0.5095307852653794 0
 -0.6626399576757016 0.838436916925742 1
 -0.502139032438268 -0.8579611142625685 0
 -0.2360942035002711 0.03162582274643477 0
 0.43980925196386167 0.8821616512951587 0
 -0.9571058184577499 -0.9873092591739803 0
 -0.46517147796690494 0.6950341999954499 1
 -0.41222382986286443 -0.12062377299459803 0
 -0.20071838796827324 0.2333422392169413 0
 0.8001203755305715 0.8715432638171725 0
 -0.10762250918664917 0.08100490516449765 0
 0.15803381636937397 -0.11269409349019743 0
 0.4948572172192178 -0.17424203877335231 1
 0.5261801045733001 0.5569621311007102 0
 -0.7897889958002182 0.6782100728139284 1
 -0.18485777100016865 -0.6806392730777178 0
 0.9569940430605355 -0.13185477797351242 1
 -0.9973584528832213 0.8457353472438365 1
 0.3618231866029409 0.8554862457652725 0
 0.22639117560147914 0.3689284579862233 0
 -0.9838476430129448 -0.48752525193046714 0
 0.16812708265571774 -0.9986819680076637 1
 -0.3740586373385566 -0.1347373775589642 0
 -0.7293739349630042 -0.03734934004954393 1
 -0.9381536426486172 -0.2727477017281543 1
 0.46428518966184584 -0.21062469458859367 1
 -0.8914218581325866 0.6131625143096056 1
 0.02710320641450381 -0.9400375709887518 1
 -0.6844122231177117 -0.3080629195818496 0
 -0.03833026679615381 -0.05391581754954111 0
 0.7672568997545826 0.21825503126854318 1
 -0.1549661613563733 0.9874217829069625 1
 0.8192836014409677 0.876541414596099 0
 0.4920891675207095 0.8882565002111531 0
 0.8889722738029713 -0.22198214218240908 1
 -0.029621225874137735 0.8468919951697902 1
 0.24065000279501514 -0.5295267745085124 1
 0.5139875604124335 0.9543458325204857 0
 0.37344852155989194 -0.7479249102351666 1
 0.7064568486683642 0.5366386740711113 0
 -0.9027940375160948 0.32468399590864827 1
 0.937420665064773 0.9654006386056191 0
 0.673258506520622 -0.12122851394434186 1
 -0.4150709937460326 0.4244045222358599 1
 0.5004078659285045 0.07118559619119336 0
 0.6351890802824258 -0.6049737422544335 1
 -0.25763489871396184 -0.9613534756773281 1
 0.5237211660530656 -0.7884758756945911 1
 -0.9785112922288213 -0.416003151330842 1
 0.866691203206714 -0.06258204800707112 1
 0.8446484142904918 0.9788701362868579 0
 0.44844801323456207 0.027141117479068555 0
 -0.2194362908603369 0.44558400176694124 1
 0.3410584178234981 0.7625280111721604 0
 -0.42601959390020183 -0.6872971291418017 0
 0.35389995199066626 -0.7084092669363586 1
 -0.6394351893704759 0.5828566434503382 1
 -0.8538651789939697 -0.7525708330489655 0
 0.93741028667146 -0.29195678956776216 1
 0.2821565395244965 -0.6119904278771917 1
 -0.3524327724936298 0.7367814852112096 1
 0.26986442113680753 0.47293651062792375 0
 0.853022423489771 -0.3208760909377002 1
 0.1938879688630042 0.6812353798383737 0
 0.199069741161102 -0.07032276990070208 0
 -0.05935196345267757 0.2745508617861454 0
 0.9140298092412085 0.8954206591491174 0
 -0.7905921850639488 0.9230597992622316 1
 -0.758208280395742 0.5942524344590872 1
 0.5132321582675166 0.13678606558004347 0
 -0.22933462971426888 -0.07816529799214766 0
 0.19603901411551106 0.5828956918793471 0
 -0.09945075861267516 0.5284489063289668 1
 0.1266929430969932 -0.28005768356212823 0
 0.9814333450255222 -0.19578705772599547 1
 -0.8216439616645184 -0.8570779496359022 0
 0.7597728239987491 -0.6598464514616014 1
 -0.13892294985317166 -0.6916114925132053 1
 -0.31471598819540914 -0.5857331314162031 0
 -0.4521345722974217 -0.10323061264870637 0
 0.35922920562832616 -0.4541593320803001 1
 -0.3807374982348015 0.9694157481885495 1
 0.9462732950862036 -0.032046144608297356 1
 -0.4513126404046681 -0.7091929092153813 0
 -0.274490214344171 0.987207286141115 1
 0.4606015055130812 -0.2882755018518768 1
 -0.8777294555572872 0.6313825804943729 1
 0.01580049266746464 -0.6529038785978696 1
 -0.45915181234128344 -0.27013534923047455 0
 -0.38709177561184727 0.43260848776411387 1
 0.10927647704075327 -0.3716944182193307 0
 -0.1575867743099313 0.20706936248542562 0
 -0.9491707328272805 -0.8918527249245918 0
 0.8893538044921661 0.9428968455030018 0
 0.8129140864180575 -0.23673899929855757 1
 -0.8469770311024745 0.33500158182179796 1
 0.31255248993614115 -0.9198968030732859 1
 -0.26316923182857344 -0.14128202500496712 0
 0.6986547317522738 -0.22557350872472348 1
 0.6587265528710318 0.4203324633954051 0
 -0.11518839947967918 0.556726949197053 1
 0.6423499907964807 0.6491467954490375 0
 0.7723424339354574 -0.5697527323819609 1
 0.17134434120004882 -0.4820957335745826 1
 0.5618536709898658 -0.13050152990114516 1
 -0.8759675860858851 -0.371201126317279 1
 -0.15742198849066358 0.7839012837136139 1
 -0.2470800350385205 0.46517716693582023 1
 0.25227952400091036 -0.9597097941738826 1
 -0.9667423152423376 0.18443262913207747 1
 0.4165265745133351 0.49966374193107344 0
 -0.5228413524117514 0.11548471864334409 1
 -0.39535148432712375 0.017704516330318443 0
 0.3945327838195456 0.02462336365388129 0
 -0.9192900056007018 0.6652335514766434 1
 0.27936679812630616 0.42639178799362276 0
 0.4813495683338662 -0.45609530540344867 1
 -0.4903572142314314 0.7415707594209047 1
 0.7183474955358726 0.004084097198483905 1
 0.8714545450507076 0.9422173554285729 0
 -0.1176983976120618 -0.183998453669316 0
 -0.44735361671778695 -0.525897014223796 0
 0.41480635898551355 -0.09809892595690806 1
 0.19856476780830268 -0.2902147619303368 0
 0.42004560013109904 0.6060577526398356 0
 0.3822785723961917 0.9609392818635458 1
 -0.5972743394403419 0.1611696432732248 1
 -0.5861099252597346 0.16646451495246573 1
 0.9477903331771733 -0.9962265621680682 1
 0.7983230842380293 0.7732739323828937 0
 -0.10162471284522812 -0.10202649816662901 0
 -0.15175849193058233 0.03956263549134764 0
 -0.5580246874762629 -0.5540855056356286 0
 0.9685171256596992 -0.9842557963573959 1
 0.18081281064810462 -0.5049316555099117 1
 -0.04907012673738653 0.7961334244433715 1
 0.7409123521693382 -0.8034531066475226 1
 -0.7474491502766878 0.28484421848409935 1
 -0.23459925352207733 0.025292444243687928 0
 0.6785235479589429 0.6822630087537453 0
 0.241068932783161 0.9421388157898274 1
 0.14972371622353142 0.17384794819826865 0
 -0.976753506935008 -0.9406238101113498 0
 -0.6919551848365657 0.8908952089996365 1
 -0.8474443048884814 0.6655937285830014 1
 0.5968211615785128 -0.8866965360778529 1
 0.09812797093839998 0.272214185387764 0
 0.15116680265883153 0.8972600615646242 1
 -0.5846195699415437 -0.5367234763250897 0
 0.3427730379184677 0.8361606570596385 0
 0.4724667659841677 0.7616611389897623 0
 -0.8540256898684955 -0.4990331794544929 0
 0.8780312676538862 0.4690952632139578 0
 0.6266568681746152 -0.7434044602096863 1
 -0.9660882490237406 0.4939149828426783 1
 -0.19714967715799347 0.613825060820258 1
 -0.16004864265927043 0.5497012897931244 1
 -0.11439147561296181 0.05159343951817719 0
 0.9940957199653393 0.7895494494104907 0
 0.48105103140034045 -0.6675447538199986 1
 0.559467786497966 0.9348695741639779 0
 -0.2807976223435962 -0.2656468894603341 0
 0.5111270411094038 -0.7357415423394844 1
 -0.5274679345527198 0.3347522796456821 1
 -0.1712629852700911 -0.5528771805910822 0
 0.8368638696847743 -0.49142507385103684 1
 0.3673794138646045 -0.8616252113511438 1
 0.8695879412379408 -0.8607359891800956 1
 -0.7827305930741655 -0.505339238157017 0
 -0.7851234009660475 -0.30730478083662627 0
 0.554142019242452 -0.6707739557787029 1
 0.6928675650393992 -0.7334529597971211 1
 0.08559539594001886 -0.5083422147028211 1
 -0.8104529938429654 -0.9968704682445098 0
 0.11469218047623753 0.24038954889308872 0
 -0.743671745725448 0.8415628235030785 1
 0.9706356939835414 0.8699912576301292 0
 0.7130883181979466 -0.5144129935123294 1
 -0.9026461788193347 0.6619095313517169 1
 0.24569065638801924 0.676176162551799 0
 -0.5556616929046734 -0.6535370240368852 0
 0.4987869717250817 0.3835187837436864 0
 -0.029896474576854848 -0.3044613222202208 0
 -0.5130426299070172 0.37081892193945354 1
 -0.9528558093615065 0.6095762635957489 1
 -0.7179861550539302 0.7327622351217074 1
 0.348286756633839 0.11906633545961376 0
 0.881557097631807 -0.5256189867206864 1
 0.39784514955567607 0.08993126901012749 0
 -0.07635742120335443 0.9714447473496721 1
 -0.6129924850121284 0.10379636782764035 1
 -0.5153221967384118 -0.758608349870703 0
 0.08139526998641688 0.9783008162056115 1
 -0.41756239842729603 0.35420797731637466 1
 0.6897527235880954 0.6992370139458612 0
 0.20335045327772994 -0.9744470696213214 1
 -0.5837607077347957 -0.8445503005012183 0
 -0.31702561018174946 -0.5401836029125513 0
 -0.9151852428077276 0.999064725378362 1
 -0.9091536789516181 -0.15131114656154798 1
 -0.2972800877421711 0.19775928029240641 0
 -0.09434531555353187 -0.41878792232030126 0
 -0.8789254785998484 -0.5975744297633627 0
 0.7139505201576006 0.1841712478969304 1
 -0.9458732196952995 0.12272056207002602 1
 0.925378524254348 -0.7129220043566413 1
 -0.36529324739155555 -0.1153646719846051 0
 -0.4303263982593417 -0.5061135826661076 0
 0.4119495274555083 0.038357556416509286 0
 -0.874563603046604 0.9439730480221054 1
 -0.7616285185312186 0.6913420885000798 1
 0.02796449005697066 -0.4421962435625595 0
 0.846897483955735 -0.6393555707544272 1
 -0.9868165854196527 0.48810032958350846 1
 0.08445268940671835 -0.6297869404869427 1
 -0.22301348212174266 0.1352098619948212 0
 0.7472485239775406 0.7629774800753937 0
 -0.4359419167465024 0.2357722900234216 1
 -0.2460923311967944 0.5542079811693876 1
 0.247520059254831 -0.0033302365696026293 0
 -0.003910849787443826 0.5217661140855641 1
 -0.7794912486696783 -0.9783657792711351 0
 -0.3777109746325835 -0.5894973455503683 0
 -0.006947238721595639 0.8657785739446062 1
 0.739009310301554 0.4222038448953578 0
 0.7723892479495431 0.4537091374599387 0
 0.5545022819593852 0.169123566150307 0
 -0.49787836763647064 0.30976544024683794 1
 0.8438133285616325 -0.11171706354641309 1
 -0.15461283145764781 0.5743267155293803 1
 -0.720138843498195 -0.3546424200445686 0
 0.41946806317187013 0.11801263000006434 0
 0.6538099830498849 -0.4988857862816549 1
 -0.7759533975819974 0.7159981070439205 1
 -0.7009968694872757 0.1699982568350631 1
 0.6525688605096847 -0.7924479925008125 1
 0.1362444376275409 -0.4303844835935391 1
 -0.26405170292751645 -0.15870021147562974 0
 0.6742280514507479 0.8414914185086002 0
 -0.6598939756483906 0.5946018410090654 1
 0.027434060685742834 -0.0823693615846568 0
 0.9236093672498855 -0.8441712695954053 1
 -0.44517798712454804 0.5140432010099671 1
 0.15893726053635882 0.4712059687667647 0
 -0.923829085297242 -0.44845889039004505 0
 -0.7693346503099394 0.28329124696475994 1
 0.7889290022948763 0.43575176667981497 0
 -0.05386984699747521 -0.07396219486199818 0
 -0.013046768584149548 -0.6275656237888692 1
 -0.07110303508806726 0.7917880715187497 1
 -0.5264670071635194 0.950826621976437 1
 0.11262200301125191 0.3484323911240561 0
 -0.835391119704973 -0.4031107089346584 0
 -0.48733586635367776 -0.6396415226528669 0
 -0.20588704628773247 -0.820043186261342 1
 0.8250686019506799 0.05470788292435236 1
 -0.13812770426430276 0.05044299157276377 0
 -0.21269046523816693 -0.6251545919497017 0
 0.005533023480778221 -0.9071086298528894 1
 0.4324436620468657 0.17584011488466533 0
 0.8314786008143629 -0.0021996105218620166 1
 -0.6219052857663361 0.2421445719235804 1
 0.9057306638033789 -0.11270592141897895 1
 -0.8860483797668832 0.34555194346053275 1
 -0.915663383458214 0.6738497989583156 1
 0.8862306296675369 0.21189974715106086 1
 -0.346234947401298 -0.9120649125515903 1
 0.22481680610114263 -0.77211998985197 1
 -0.1446568019432648 0.17954624013535958 0
 0.41856553562048093 0.9947068500885161 1
 -0.7162113017945693 -0.7197179946678844 0
 -0.6834891899825493 -0.5767181629944544 0
 -0.6215977294740274 0.906725959350259 1
 0.7174925859689811 0.9658895051705132 0
 0.7665037734980729 -0.10744708997625896 1
 -0.6920191513867022 0.7923452221664606 1
 0.5722097991995196 0.15591347980870784 0
 -0.38236016495118785 0.24390805776451852 1
 0.9696667625135231 -0.05970628272948719 1
 0.7844417534931631 0.7361628638675324 0
 0.2383684687182226 -0.8888149929439313 1
 0.05590446247410319 -0.5675348589639535 1
 0.3692035592829863 0.14754260492921234 0
 0.9002936204108378 0.47243428470101123 0
 0.8733934402331043 -0.16385066101979873 1
 0.3613949315400766 0.3153699616651373 0
 0.8624968083865601 -0.6413564003745305 1
 0.8627284749149924 0.8463581485280638 0
 0.6961726187068136 0.4551099706888202 0
 0.05184220576243037 -0.7067762550740677 1
 0.535409340558586 0.6547723941415999 0
 0.47258720195177273 -0.28462336056981474 1
 -0.007556709305020171 -0.8165299941039357 1
 0.8630436291496779 0.8509893533358246 0
 0.734604941518102 -0.9107637804907831 1
 0.6990307361762218 -0.553164602532481 1
 0.3778478348208889 0.37144283500804254 0
 -0.762098526070075 0.845506610415123 1
 -0.7032703333974233 -0.5443890556620719 0
 -0.23541352266198778 -0.432379513094328 0
 0.0811313934214033 0.22513121972215866 0
 -0.9983815648749452 -0.09798310489333195 1
 0.2860159675593763 -0.9972224915215908 1
 0.7171337337781891 0.10483599598807847 1
 0.8490430005834919 0.3690366267428913 0
 -0.5503868067191142 -0.29124108907462887 0
 -0.9081277370721368 0.5109201333942677 1
 0.9653899779662793 -0.34341653920657045 1
 0.5745039938224459 -0.08593805783284769 1
 0.574718041624213 -0.5013019818046214 1
 0.23802014386076786 -0.3574509727114037 1
 0.7544603611087932 0.731906965574967 0
 0.2496051599176603 -0.8049300097128145 1
 -0.3397787927830207 0.5074522404388908 1
 -0.245257721048592 0.9826101912724032 1
 0.05801347775253296 -0.6010345749544574 1
 0.3449953245699722 0.8420598409747173 0
 -0.03468352667390873 0.6964766329197585 1
 0.46580268837475614 -0.3182558047453685 1
 -0.13635430669671345 0.7804950218367281 1
 0.21722466923925765 0.34902417876050773 0
 0.7295225686663613 0.5305693181209861 0
 -0.9583971169573966 0.11675740900946296 1
 0.3279959375985475 0.4356241241597494 0
 0.6456038009950675 0.8045496134648866 0
 0.22263461781069682 -0.9012388407186744 1
 0.17013555398198 -0.5176327558237643 1
 0.7781745738558683 0.1671033737744596 1
 0.1001426783028665 0.9482227137551045 1
 0.06677055055869774 0.3676515274038985 0
 -0.3027014821244587 0.728284400909351 1
 -0.963932215800509 -0.7069869542232892 0
 -0.15786926849695782 0.21690401601411158 0
 -0.44292557816892386 -0.14374671974855024 0
 -0.911868099625899 -0.2443053266887023 1
 0.04208091717408413 0.922010921653305 1
 -0.5410788366818398 0.9449332518325917 1
 -0.7923602067992048 0.5214086189796194 1
 0.060540264742217964 0.28720251760462845 0
 0.2548821341401093 -0.728817982844342 1
 0.9344817963257515 0.38232698852641844 1
 -0.750784768063524 -0.857161014373675 0
 0.7430629505690862 0.32429913089110873 0
 0.8037102022909912 0.5655541067959386 0
 -0.14272471118066266 -0.30496758227031573 0
 -0.6947457110925805 0.9968911886492791 1
 -0.7917456251908845 0.60641731895968 1
 0.8698079649017154 0.5583400735924273 0
 0.86703062405898 -0.3887006641683468 1
 -0.027126841384791822 -0.891957840229483 1
 0.7332375151809665 -0.014364113909699938 1
 -0.7264558704450326 0.21097101096669602 1
 0.9419687688398706 0.8782324568835407 0
 -0.46472237725798515 0.867225408488467 1
 -0.3610074184908274 -0.8689039809696082 1
 0.7437863205647524 -0.4280188796794806 1
 0.6280452259441087 0.19258730873753027 0
 -0.4677774748159391 -0.693959331454395 0
 -0.9400563668988888 0.4771917871433584 1
 -0.1539123957900641 0.3938082566893071 1
 -0.1882289199968401 0.7698712420963212 1
 -0.5849341879059677 0.8159104732644833 1
 0.4954054308655218 0.8295978716558261 0
 0.046248643236096676 0.5265716875406108 0
 -0.861823472065153 -0.7841867050260656 0
 -0.9870200770351025 -0.3987549800702792 1
 -0.5055467922404724 -0.4568034583050553 0
 -0.11418122297709399 -0.3721099620540129 0
 0.6754775249068878 0.8642640101123957 0
 0.03688264078473624 -0.34432140180725224 0
 0.32577783998545073 -0.31403341228894543 1
 0.7460977219394209 0.22780159814237866 1
 -0.07199012028246377 0.2455889925585113 0
 0.34765073863799545 -0.44956041657317347 1
 0.9840887597976751 0.10289675151769107 1
 -0.8227989458259393 0.6878500114147756 1
 -0.20100813732098266 -0.15038208410703913 0
 -0.7848224079903798 -0.17608295350827818 1
 0.38462731585826004 0.7939858420035966 0
 -0.7312487261302223 -0.9066030330266428 0
 -0.39532124907651633 0.8472114381125737 1
 0.29483852630115237 -0.7385140936702674 1
 0.09735290710040156 0.520392418475413 0
 -0.961242193433709 -0.38177444349319023 1
 0.7414713427926547 -0.06549072952237678 1
 -0.4520740520162434 0.8546533937304039 1
 -0.5276354784673642 0.05279657341243893 1
 -0.6827523337259147 -0.5995044534440161 0
 -0.8924590129376411 0.9639210109588123 1
 -0.1673837443409183 0.7285892444239441 1
 -0.49187983014434655 0.9760356982143195 1
 0.1012096444437256 0.4691143296977234 0
 0.8805340080293316 0.525922940892301 0
 0.39203190565626667 -0.17289747604888328 1
 -0.6859834974020809 0.4640775236822736 1
 -0.14258537167629814 -0.24041520821813567 0
 0.7529174612638743 -0.8542773800051291 1
 -0.03403950567445557 0.6441268021150601 1
 -0.48110855663133756 0.9393923933205395 1
 -0.250325876791194 0.7583937539031045 1
 0.2265289967476014 0.2588545230510564 0
 0.7527936505114696 -0.2092232268221026 1
 -0.522987798559754 0.030787599262636967 1
 -0.7328999559917417 0.8150024200658432 1
 0.06789352415910566 -0.3702313720698529 0
 0.9482480921045411 -0.31296108122390165 1
 -0.3768891146891289 0.7437659326242272 1
 0.229927835734421 0.6605025041248525 0
 -0.4741311837231714 0.37747470650657045 1
 0.08743141663682841 -0.8328419270789187 1
 0.8280307808141942 0.2574713227906553 1
 0.6494654966029987 -0.828000756557544 1
 -0.5868172398368656 -0.7276951609108331 0
 -0.08318479666220968 -0.7122170520049906 1
 -0.8934547676952407 0.2622837323421119 1
 0.41873129350245764 0.9217849579439199 1
 0.6534246156162924 0.46785650160151593 0
 0.02267768369150902 -0.8720670271534103 1
 0.5289120861776888 0.25212622682798447 0
 -0.6896578376217173 0.5503647941454088 1
 0.39505309486248974 -0.6678211197707233 1
 -0.05742121857105298 0.8698490101585132 1
 -0.3122742008356909 -0.3144538672264041 0
 0.25821595581883106 0.502397791295564 0
 0.2939833994571639 -0.45773525212446153 1
 -0.013570057090775967 -0.050209978930722654 0
 -0.42837002305293836 -0.5703666627586481 0
 -0.6003507229313396 -0.8353847480682337 0
 0.06631574524571704 -0.8940892789470831 1
 -0.5062791713333801 0.5678388849709612 1
 -0.8025472117379195 -0.5991621043507684 0
 0.8543341074595752 0.9447793304747252 0
 -0.08723166908323776 -0.5249919323593768 0
 -0.2465337741495417 -0.6542206022377854 0
 -0.147672233286954 -0.18325040116270563 0
 0.7168751602003647 0.33074398607522837 0
 -0.08362359817054243 0.41432639239691693 0
 -0.686565209601419 0.4221069263211299 1
 -0.7026376886457504 -0.027098050792801365 1
 -0.7606290560019413 0.4686811686332071 1
 -0.9849789647996716 -0.21014648195541574 1
 -0.09477718524121026 -0.22676443795887757 0
 -0.21558340801843112 0.9586631224195983 1
 0.6806206035621221 -0.700465600895883 1
 0.6503490152090732 -0.05924672212775506 1
 -0.288265146483611 -0.9500361511368602 1
 0.23755554271832202 -0.7737239484499692 1
 0.7985193267493249 0.7927624789023366 0
 0.6946468727657902 0.7990037181052596 0
 -0.7963654631473449 -0.28173802664919356 1
 -0.549264169729166 0.42711091054273576 1
 0.4622048175343778 -0.6835643763729669 1
 -0.24276803648360357 0.42077887140168246 1
 -0.7286727299180868 0.7934426561545977 1
 -0.3467091172279668 -0.5708084174799475 0
 0.36051701361646193 -0.3172532589809609 1
 0.47192212400907807 0.09363610798870514 0
 -0.12096225313930464 -0.04322165071041262 0
 0.2947763573262365 0.9300590768624577 1
 0.2833339799804211 -0.09199968771303824 0
 0.8671470925229261 -0.31642865337346815 1
 -0.03245529552643833 0.34362738090421585 0
 0.40073822320260155 -0.42096513357512655 1
 0.9523462317285478 0.22614101556578015 1
 -0.5797357075359573 -0.6139946312884916 0
 -0.16786455354229335 -0.20786913779692218 0
 0.35096630072640433 -0.977054634631549 1
 0.8778320449727006 0.3948852808030521 0
 -0.10235928058236565 0.5447629067578341 1
 -0.29765742412791263 -0.1584557948047649 0
 0.4317958053446542 -0.210628601858025 1
 -0.7820038865891834 -0.16648239808839826 1
 0.5820644685345346 0.7031076760638779 0
 0.7500253601650737 0.2692641271578968 0
 0.014018917351331872 0.4214844016327284 0
 0.11743436269729401 -0.36858557704522177 0
 0.9890474198232526 0.5508954529360992 0
 -0.7476416651408699 -0.5443849946118646 0
 -0.2920303430943345 0.7785319444222645 1
 0.5012871759231787 -0.03364169662833172 1
 -0.326417575689103 0.9319078765382742 1
 -0.8637100306621239 -0.6345437521059785 0
 -0.6526564665142336 0.9160353929516953 1
 -0.19835647060875106 0.9717042104328728 1
 -0.7710834466524481 0.575429241651805 1
 0.6310329439715958 0.43567351541772714 0
 -0.8466844376645781 -0.5402383024156696 0
 0.5927586943332814 -0.4085387749204801 1
 -0.9210959330581574 -0.2838708468700941 1
 -0.7448502887672701 0.1576162204011986 1
 -0.0694815998315681 -0.11246764811230503 0
 -0.38835210055353553 -0.5376483863557462 0
 -0.8344993514988939 -0.7336867353720407 0
 -0.1352050354567762 -0.35645611503279184 0
 0.6464433135197758 -0.3670684571737546 1
 -0.8593816732258193 -0.6380900593407433 0
 0.1329616528930675 -0.2953952511245794 0
 0.9896780169530166 0.9661436792182589 0
 0.2458266111765044 -0.5750234399120295 1
 -0.7716975234419452 0.2616847265930142 1
 0.11030709239417713 0.3451187965773661 0
 -0.8166928544747853 0.5601818858389247 1
 -0.9484162078583491 0.7778121693118139 1
 -0.27424563538434543 -0.4753947487849268 0
 0.6936158839240887 0.15119289551919834 1
 -0.38592081335070083 0.475351418589004 1
 -0.3961458849301418 0.04449212174723205 0
 -0.3858275925653891 -0.7144243064938849 0
 -0.7702885288161758 -0.24226479813624247 1
 -0.37622441120827577 -0.23062160600719217 0
 -0.7112819358545661 -0.051089764730277265 1
 -0.39918970537523135 0.5543595217369828 1
 -0.9971985505947651 0.8662536211039047 1
 0.48002887845750686 0.8304499583177709 0
 -0.39184977637356133 0.009943131498871383 0
 0.45963903336687806 -0.9201838392787938 1
 -0.5743658145021857 -0.3233718956250753 0
 -0.9506789114011267 -0.08197433120687436 1
 -0.5572303663058369 -0.22813244431892987 0
 0.09332228406330989 -0.48544689681558917 1
 0.8367341523296392 -0.48031162474154443 1
 -0.3829231613541386 -0.2889046684835932 0
 0.15895104880243416 -0.7448856210153834 1
 0.7930681271258169 0.9190552389354087 0
 -0.9947209257633747 0.35466023353222953 1
 0.5814136137727466 0.15294575891129902 0
 0.9118585602184941 -0.4585775964155563 1
 0.6729186499489257 -0.8556458931536399 1
 0.9451811240375119 -0.7044579599502789 1
 -0.7528879035120419 0.38149855942305133 1
 0.9959649294440924 0.9074536380505123 0
 -0.2449588950484063 0.1323001099255121 0
 0.13993465770115554 0.8304748123260481 1
 0.44636842760910533 -0.9657181455513539 1
 0.5946185263422035 0.42093338693453886 0
 -0.31741786795616034 0.6724995491237065 1
 -0.2202067813181341 -0.10183239047996828 0
 -0.7871088545973512 0.7170982587053629 1
 -0.21977930288263048 -0.5866229842158193 0
 0.5366482450580219 -0.34502100538247493 1
 -0.8871620446573449 -0.5145586765356283 0
 0.23590555911834743 0.9254517061105436 1
 0.11657609672501601 -0.256533994677546 0
 0.7339746268444343 -0.6423599129933535 1
 0.5115002281856207 0.9099530461721652 0
 -0.6793721264356569 0.2077953828703878 1
 -0.2850218298921974 0.2651364822248572 1
 0.481844881227931 0.8075664676044132 0
 -0.6438992261732519 -0.5478363612665951 0
 0.5817711802030796 0.8596638117865847 0
 -0.9044073106366077 -0.5855585157736989 0
 -0.23317563232946137 -0.2447536674094659 0
 -0.6630318720714536 0.5006109551517473 1
 -0.40335331060363355 -0.06224935087596273 0
 -0.29429851346178615 0.3292504003100618 1
 0.3538696029239874 0.3007716992573175 0
 0.27669842070806694 -0.12544887748223044 0
 -0.75557829166783 0.8829959980076989 1
 -0.5536309641681385 -0.5841518300857977 0
 -0.2276242852328032 -0.2889215099340352 0
 0.07411941114648801 0.4880306439933908 0
 -0.5419022756397147 0.5417443377557876 1
 0.05909460605199479 -0.22350427014443608 0
 -0.23427450990491305 0.46728868665709244 1
 0.8715210374305891 0.01945165149786998 1
 0.6157703813915354 0.8740366794022998 0
 -0.2759880930525189 -0.5879844404945265 0
 0.18090121269220716 0.08121781016582852 0
 0.046715245444171494 0.7506926722387028 1
 0.7977346345818386 -0.8619012528293353 1
 0.7211995016026107 0.6134635595975295 0
 -0.22527676471109004 -0.2798904686713892 0
 -0.8685127314683827 -0.7601523616908143 0
 -0.3640035313755561 0.8400882448084974 1
 0.5066636552003858 -0.543049287129743 1
 -0.0867236528768931 -0.8213390799482241 1
 0.2580008968342278 -0.008354243184294452 0
 -0.017244894378392495 0.23816299164413035 0
 -0.9454431523657709 0.8156765516865412 1
 -0.3589124909236945 0.23739961638842444 1
 0.2347206693807542 -0.2103858498073401 0
 -0.8755832846700264 -0.3100667296030539 1
 -0.1828059773925348 0.8032370314664408 1
 -0.9033831032245236 0.9464765965064228 1
 0.8534128566805068 -0.14595347508200374 1
 -0.2322965207548655 -0.3676396942873612 0
 0.154429130147669 -0.9377306731863913 1
 0.7506250935725478 -0.12606410990016448 1
 0.5287883309132293 -0.5101602068115625 1
 -0.47558057634901774 -0.51683675312005 0
 -0.4160454134818041 -0.18750410414781604 0
 0.44397847810120816 -0.1424750622721922 1
 0.8723491765629638 -0.6117385263662916 1
 0.12143620254706944 0.25279807871728877 0
 0.704086163750506 -0.9277690892003352 1
 0.701455901642553 -0.7008929511586783 1
 0.30200230250286486 -0.7532898914467885 1
 0.062461094945785556 0.15606953768475718 0
 0.1405955900528899 -0.0325895682828472 0
 -0.7018813149019059 -0.4592608129541529 0
 -0.7109981959299385 0.8705315088533094 1
 0.9681496076910208 -0.9875599318424013 1
 -0.630846462768021 0.5422101516193751 1
 0.5548065688656729 -0.6385231139129801 1
 0.3437832020270728 0.4209531386744696 0
 0.32112552943540806 -0.2759029997752793 1
 -0.23505450009993178 0.9853120153800694 1
 -0.6606778926472077 0.13396986583407577 1
 0.3422516496755854 -0.02680101104957533 0
 -0.15752966481050046 -0.37915868660394647 0
 0.7310229594825721 -0.3141168021115699 1
 0.24986627553335738 -0.32009057840872734 1
 -0.7059133461261882 -0.9511521073614568 0
 -0.7737546615770701 0.9608601659601979 1
 0.25695262092070204 0.0333291462235521 0
 0.9572871683347322 -0.6366084416566165 1
 0.15462610157781143 -0.7135026820608255 1
 -0.5413920016073963 0.3764455559983233 1
 -0.24067440645695615 0.37488379877354294 1
 -0.8172947989889634 -0.538742892821735 0
 0.7818918247336104 -0.08520475048354315 1
 0.44808603299770033 -0.446278095256621 1
 -0.44431023406287484 0.04509893938597953 0
 -0.7129238600533789 0.3494722441496183 1
 -0.3596808773885265 0.19190298379989468 1
 0.19357070013304956 -0.0645550866105844 0
 -0.1765325003856133 0.8812958739821839 1
 0.9492556551677096 -0.4553887104271168 1
 -0.6472469742478737 -0.5245490433591253 0
 -0.7834072958744236 0.7359342903249873 1
 0.39542098232881595 0.13904101519296685 0
 0.9091270667328561 -0.8604951347093301 1
 0.7022736163081504 0.08705008667672254 1
 0.48444273097529855 0.057202535982658675 0
 -0.7567719040004433 -0.778291154429624 0
 -0.7476447240743731 0.6721151239878953 1
 0.18541311444454944 0.6354216914496182 0
 -0.44930098899687043 -0.6046573644016762 0
 7.310357896244124E-4 -0.8618060805610985 1
 0.21332880673989485 0.9667016496336784 1
 0.7183266134480311 -0.03779253874482014 1
 0.13972494080709819 0.3262371897990728 0
 -0.6215795392147663 0.10283509081861619 1
 -0.0271467980990987 0.9863391321825425 1
 -0.4025199476224899 0.3745232481226035 1
 0.9016987309955553 0.6596511329587342 0
 -0.1792827808872277 -0.8083859999872682 1
 0.4271578330229171 0.23585087754798106 0
 0.31641666815545366 -0.6716819494069561 1
 -0.43526235033701277 -0.14922917744042863 0
 -0.7423852591376843 0.46869036554211374 1
 0.40477840057118386 -0.24578084832719305 1
 -0.659834498968594 -0.7733986294471631 0
 -0.7893200543359047 -0.04174818658796675 1
 0.30224391813729645 0.4973369633854301 0
 0.30787833061838077 -0.764463893215044 1
 -0.5611461341304309 -0.5033988278455643 0
 -0.09891415553997707 0.9378382340814855 1
 -0.25407638969729596 0.649336259062187 1
 0.6545707331156851 0.31755684000612594 0
 -0.3179137841976314 -0.3900849620636253 0
 -0.619978479843738 -0.43938450177145794 0
 -0.29774082510327937 0.12690167882545245 0
 -0.5011957968255194 0.5769178704659297 1
 0.6956524878936101 0.20971694589023082 0
 -0.919812906220594 -0.2550402996544061 1
 0.25185059765624085 0.11118553020501043 0
 0.20437426418923033 -0.7299173106029304 1
 0.2821277166032272 0.009082307289376201 0
 0.1589523676971889 0.5912454732996362 0
 -0.060825545035994244 -0.048563307721807725 0
 -0.45037631040591286 0.35907792268395 1
 -0.9930740400062581 0.6244934357077552 1
 0.7908618975719421 0.9083755528558672 0
 0.97320049240626 0.8088697431824223 0
 0.6393933381709835 0.8610814474158548 0
 -0.14862939240749928 0.008588519177152643 0
 0.44317273922287925 -0.47880645652990417 1
 0.4833063523940824 0.6693090475780774 0
 -0.3992131559900971 -0.9390739831817363 1
 0.534344219157938 -0.3537840172108775 1
 -0.6390135729161468 -0.8521562883302838 0
